name,seconds
data_load_time_s,2.331600146368146
preprocess_time_s,0.0
